[GithubServer]
Canada=208.117.224.172|64.15.116.88|208.117.224.236203.165.14.245|208.117.228.181|208.117.224.205|208.117.224.50|208.117.224.173|64.15.119.222|123.205.250.117
France=208.117.224.172|64.15.116.88|208.117.224.236203.165.14.245|208.117.228.181|208.117.224.205|208.117.224.50|208.117.224.173|64.15.119.222|123.205.250.117
Taiwan=64.15.126.254|85.182.250.217|64.15.116.2|64.15.116.212|64.233.171.191|64.233.171.18|64.233.160.145|173.194.37.188|208.117.224.225|106.162.198.98|173.194.207.112
Germany=64.233.176.90|173.194.37.223|64.15.117.57|64.233.171.116|74.125.30.81|106.162.198.99|64.233.162.31|74.125.143.39|208.117.228.112|74.125.71.112|74.125.193.122
Singapore=173.194.195.116|173.194.196.144|64.233.171.152|173.194.65.112|64.15.124.120|64.233.171.115|64.233.160.84|173.194.192.116|173.194.204.133|64.233.160.136
America=64.233.168.124|64.233.168.87|64.233.182.152|173.194.67.9664.233.178.191|64.233.160.116|64.233.160.165|64.233.160.98|173.194.77.124|74.125.70.191|173.194.204.94
Japan=203.66.124.226|60.199.175.59|203.165.14.216|61.19.1.44|64.233.189.154|64.233.189.90|173.194.126.139|64.15.119.223|64.15.116.154
Britain=203.116.165.227|64.15.116.23|61.219.131.88|106.162.192.168|85.182.250.221|64.15.126.152|208.117.226.24|64.233.191.190|64.15.126.180
Korea=64.15.126.138|64.15.116.216|195.249.20.230|208.117.224.225|64.15.126.172|173.194.115.51|173.194.78.114|64.233.166.166|64.233.168.156
Hongkong=74.125.133.114|64.233.167.149|74.125.226.39|64.233.160.136|64.233.160.191|64.233.165.87|173.194.192.96|173.194.196.195|74.125.25.149|173.194.217.148

